PIETRAPAOLA2024 21 KM 2024 8 1 5,1 
CATZLIDO2022 35 KM 2022 10 12 4,3 
IONIO2025 39 KM 2025 4 16 4,7 
IONIO2012 40 KM 2012 7 4 4,8  4149053,85 659056,5459
IONIO2014 ANOM 64 KM 2014 4 5 4,8 
GRECIA 2024 28,84 KM 5.8 37,32 21,28 524808 4130408 
GRECIA 2022 13,57 KM  5.6 37,89 20,10 420863 4193992 
GRECIA 2020 13,57 KM 5.7 39,36 20,64 469985 4356789
GRECIA 2019 12 KM 5.4 39,05 20,59 465329 4309084
GRECIA 2018 16.0 KM 6.8 37,52 20,56 461118 4152651 
GRECIA 2015 15,75 KM 6,5 38,67 20,6 87168 212854


