ACIS  39.35905  16.22687   277  1.90700   170  0  
MPNC  38.14650  15.35280   479  1.00000  1500  1  
IVGP  38.39680  14.96080   150  1           1  1  
TDS   39.66010  16.33760   244  3.17891  1200  1  
ZIDIL 39.78218  16.25963   451  1           1  1  
FRASC 39.83809  16.26629   559  1           1  1  
CET2  39.52875  15.95462   675  1.27157  1500  1  
SHEVA 39.81530  16.16773   605  1           1  1  
SALB  39.87720  16.34590  1200  1.00000  1500  1  
CNESE 39.89410  16.08430  1547  1           1  1  
LAICA 39.94848  15.97505   350  1           1  1  
TNOVA 39.97470  16.26110  1127  1           1  1  
MORMA 39.86990  15.97210  1023  1           1  1  
MMN   39.89083  15.99060   878  1.27157  1500  1  
BIDON 39.94570  16.45590   958  1           1  1  
SICLA 38.25630  15.71450    10  1           1  1  
GRIS  39.74050  15.85310   551  0.79473   400  1  
CELI  39.40270  16.50880  1290  2.50000  1200  1  
MOKA  39.88572  16.15074   815  1.27157   750  0  
MRCB  38.16200  15.70300   500  1           1  1  
GMB1  38.17230  15.81790  1198  1           1  1  
CO22  39.49259  16.30505   430  2.38      800  0  
ROI   39.57178  16.56922   605  0.79473   400  0  
SPS2  39.29409  16.33787   704  3.17891   750  0  
LARA  39.27566  16.24292   470  2.38000   800  0  
FALC  39.27207  16.07956   560  1.27157   800  0  
SOI   38.07323  16.05424   305  0.85831   400  1  
MCEL  40.32490  15.80190   960  1.00000  1500  1  
SERS  39.03590  16.68860  1221  1.00000  1500  1  
RICA  38.62403  15.86015   240  2.38      800  0  
GIZZ  38.97983  16.20777   713  1.27157  1500  1  
CNDF  38.00324  15.85715   357  0.79473   400  0  
OPPI  38.26754  16.01005   770  1.27157   800  0  
PIPA  39.48514  16.81580   479  3.17891  1200  1  
PLAC  38.44940  16.43830   602  1.00000  1500  1  
LATT  39.44184  16.22980   200  1.27157  2000  0  
GIOM  38.38611  16.10991   550  2.38      800  0
SPDC  38.52631  16.13216   300  1.90700   750  0  
CARP  39.14786  16.31333   685  1.90700   800  0  
CUC   39.99380  15.81550   637  2.38419  1500  1  
UC01  38.77725  16.27013   327  1.90700   800  0  
GIMI  38.97278  16.53828   590  1.90700   400  0  
CHCE  38.68397  16.41418   550  1.90700   800  0  
MCDA  39.02160  16.84027   305  1.90700   400  0  
MSRU  38.26390  15.50830   408  2.50000  1500  1  
LADO  39.28398  16.97949   488  3.17891   400  0  
CUTR  39.02183  17.07369   170  1.90700   400  0  
CIRK  39.38843  17.06139   300  1.90700   400  0  
MTTG  38.00310  15.69992   484  1.27157  1500  1  
CMPN  39.40765  16.83030   535  1.90700   750  0  
SELL  38.98300  16.62790   633  1           1  1  
CDRU  40.48960  15.30460  1057  1.00000  1500  1  
SSY   37.15770  15.07370   600  1           1  1  
SCAI  38.53429  16.51773   450  1.90700   750  0  
MCPD  38.11990  14.73100   199  1.00000  1500  1  
